9 26 3
0.076346 0.009974 0.031589 0.038994 0.150577 0.011088 0.011187 0.009400 0.075024 0.006248 0.000654 0.056719 0.031598 0.074138 0.057634 0.030407 0.011946 0.069725 0.082605 0.071379 0.065420 0.015671 0.000867 0.005362 0.003401 0.002049 
1 0 0 
0.083180 0.010402 0.028887 0.037277 0.146835 0.011078 0.011741 0.010939 0.076827 0.009839 0.000600 0.051765 0.034490 0.072168 0.058283 0.028071 0.010962 0.069322 0.084187 0.068758 0.063837 0.018551 0.001031 0.004215 0.004083 0.002671 
1 0 0 
0.076907 0.011565 0.033384 0.039926 0.146863 0.011924 0.011060 0.010198 0.075409 0.005958 0.000466 0.057372 0.030912 0.072945 0.059581 0.029654 0.011135 0.071575 0.082169 0.072083 0.063546 0.014868 0.000904 0.004327 0.003808 0.001459 
1 0 0 
0.079751 0.014212 0.024541 0.044412 0.125501 0.019279 0.023916 0.064226 0.070047 0.001913 0.010523 0.042263 0.019506 0.065434 0.077165 0.016012 0.001808 0.053962 0.058940 0.099087 0.032356 0.007856 0.024087 0.001459 0.021103 0.000640 
0 1 0 
0.083041 0.017520 0.025838 0.047002 0.122750 0.019823 0.021778 0.059888 0.064629 0.002120 0.009940 0.047749 0.021873 0.070953 0.073480 0.014722 0.000748 0.057181 0.061455 0.084158 0.029636 0.012801 0.023987 0.001331 0.025280 0.000319 
0 1 0 
0.076595 0.014479 0.025286 0.040741 0.126112 0.023279 0.017082 0.067990 0.069276 0.002049 0.005114 0.036835 0.027165 0.068511 0.079702 0.017668 0.001313 0.062480 0.062835 0.088053 0.028516 0.011628 0.023886 0.001314 0.021734 0.000358 
0 1 0 
0.125153 0.014148 0.031066 0.055033 0.134944 0.005898 0.013185 0.009416 0.055848 0.003923 0.000160 0.057486 0.021226 0.071333 0.096180 0.025187 0.016236 0.068043 0.076158 0.039683 0.046377 0.009953 0.000330 0.000946 0.017346 0.004742 
0 0 1 
0.108255 0.014399 0.041964 0.051076 0.127067 0.012808 0.015043 0.013940 0.069286 0.004055 0.002951 0.052795 0.026548 0.074973 0.088312 0.029643 0.007335 0.070690 0.068526 0.053454 0.035316 0.009399 0.004900 0.001719 0.012995 0.002550 
0 0 1 
0.120470 0.018582 0.040023 0.046738 0.128917 0.007256 0.012570 0.012775 0.055331 0.005841 0.001820 0.052203 0.029942 0.070307 0.094900 0.025135 0.009345 0.068404 0.078670 0.048275 0.042385 0.012170 0.001449 0.001283 0.010901 0.004309 
0 0 1 
